222.45206500837082 630.7875366210938                                                                                                                                                                   
261.94658157448254 767.8125                                                                                                                                                                                     
299.7532977655808 579.1500244140625                                                                                                                                                                             
225.72422947885326 632.3141021002663                                                                                                                                                                            
305.08447973241493 578.507253438687                                                                                                                                                                             
272.12312975359 766.2855503912233                                                                                                                                                                               
235.55850682006002 637.4859288955312                                                                                                                                                                            
306.344841401719 576.4689717906613                                                                                                                                                                              
282.426362330861 763.5114115995539                                                                                                                                                                              
242.88394339442468 638.0278465053848                                                                                                                                                                            
309.2951149697575 759.3297095380086                                                                                                                                                                             
310.4997693619725 572.7670159131918                                                                                                                                                                             
249.49430889322997 633.0317794455245                                                                                                                                                                            
323.2243211968451 749.9965745852043                                                                                                                                                                             
309.08589018684523 562.5673721228554                                                                                                                                                                            
256.77410825275433 629.4277959527565                                                                                                                                                                            
350.57506748025907 739.4423701472329                                                                                                                                                                            
338.6587627763616 532.5980786514518                                                                                                                                                                             
268.21849179136944 629.4294848687863                                                                                                                                                                            
387.91086558778994 510.24452231324807                                                                                                                                                                           
382.1984896175073 726.6141750422368                                                                                                                                                                             
299.81828650024295 629.4307840364135                                                                                                                                                                            
416.16218350020984 492.98900975823483                                                                                                                                                                           
415.6250690859013 714.162308317456                                                                                                                                                                              
421.38361150971565 450.4388306137343                                                                                                                                                                            
436.39248571093066 694.536405608306                                                                                                                                                                             
321.45033989433585 605.0693812662121                                                                                                                                                                            
414.5837841461455 411.48316618100944                                                                                                                                                                            
330.0108545970134 575.4869191725084                                                                                                                                                                             
415.92075961207325 681.6821330895256                
332.10098657962743 531.3267130703969                
384.552522071476 650.6343956599932                  
392.0566976037602 379.67266568609324                
371.22689931349447 355.64417271593913               
359.52043750939043 606.4125215537358                
343.7254025227095 491.821520645867                  
347.3309216940113 339.8453164911847                 
335.48035913811077 543.3724173897007                
359.9020942732887 459.6860619161946                 
140.76072687590218 168.75                           
328.92471101475354 331.25134028772356               
368.882992467031 434.4239993731398                  
318.64183114665445 487.0087128939656      