137.70917721428032 520.425048828125                                                                                                                                                                   
32.40216473035234 105.30001831054688                                                                                                                                                                            
71.5547817178457 205.875                                                                                                                                                                                        
160.66078813565457 612.9000244140625                                                                                                                                                                            
41.1777465607111 112.04998779296875                                                                                                                                                                             
91.80619952851443 290.925048828125                                                                                                                                                                              
164.71110832133573 473.85003662109375                                                                                                                                                                           
43.202845614306 102.5999755859375                                                                                                                                                                               
21.601422807153 61.425018310546875                                                                                                                                                                              
148.50994965710248 435.375                                                                                                                                                                                      
21.601422807153 56.02496337890625                                                                                                                                                                               
22.276516864263638 59.39996337890625                                                                                                                                                                            
21.601483846398672 62.10003662109375                                                                                                                                                                            
22.276516864263638 62.100006103515625                                                                                                                                                                           
41.1777465607111 105.30001831054688                                                                                                                                                                             
34.42732482319291 93.14996337890625                                                                                                                                                                             
21.601483846398672 64.79998779296875                                                                                                                                                                            
28.351875064294024 79.6500244140625 
162.01085417138452 407.7000427246094
18.901290735693127 43.875           
27.001809028564086 72.89996337890625
24.301676957104213 80.32498168945312
37.802581471386254 101.25003051757812
25.651712473211315 83.02499389648438
35.10232732143504 96.52496337890625
137.38738380495832 521.3896349941145
32.40195247919122 105.30001099980328
40.863735344547116 112.21125549216919
162.27001623587307 611.8555405209135
71.88164217309523 205.2334436502818  
92.92349272038244 290.12223974493185
43.202584618237736 102.59998286652613
161.50646113295855 474.81448332282855
147.86494561320106 432.7225174670641                
21.601325846108303 61.42501101010173                
21.601312064107812 55.86846746003905                
22.436186449745467 59.39996337890625                
21.601359319549946 61.935857428096774               
41.334404548128546 105.30001831054688               
21.906204722241785 64.95924989230907                
22.276386331493725 61.935834455172404               
159.4384680553514 407.2179280294821                 
18.90108882387151 43.875          