112.06136668973552 286.199951171875                                                                                                                                                                   [933/1885]
108.01090877752146 270.0                                                                                                                                                                                        
99.91011503573586 271.3499755859375                                                                                                                                                                             
94.84710368678954 252.45001220703125                                                                                                                                                                            
75.60761172773653 220.04998779296875                                                                                                                                                                            
90.45914830943848 213.29998779296875                                                                                                                                                                            
91.80932129395025 191.699951171875                                                                                                                                                                              
97.20983010803357 209.25                                                                                                                                                                                        
82.35829352633162 196.0875244140625                                                                                                                                                                             
74.25749978454601 198.45001220703125                                                                                                                                                                            
58.05591230097478 155.25                                                                                                                                                                                        
91.13420428103375 221.4000244140625                                                                                                                                                                             
94.50954518033129 224.0999755859375                                                                                                                                                                             
103.62295340017042 270.0                                                                                                                                                                                        
62.10624813054635 222.75                                                                                                                                                                                        
58.0557902183323 186.9749755859375                                                                                                                                                                              
68.85699097046268 152.54998779296875                                                                                                                                                                            
54.00545438876073 133.64999389648438                                                                                                                                                                            
67.50681798595092 192.7125244140625                                                                                                                                                                             
54.00545438876073 155.92501831054688                                                                                                                                                                            
54.00545438876073 154.91253662109375                                                                                                                                                                            
64.80647201692739 202.5                                                                                                                                                                                         
86.40862935590319 194.4000244140625                                                                                                                                                                             
98.0536577026928 261.9000244140625                                                                                                                                                                              
72.90738784135549 211.949951171875                                                                                                                                                                              
135.01363597190183 307.800048828125                 
58.055851259653544 138.37503051757812               
39.15397884838003 123.5250244140625                 
132.98843753645542 311.85003662109375               
51.30510841973721 148.5                             
43.20437571927283 114.75003051757812                
86.40875143854566 179.21246337890625                
49.95505751786793 142.42498779296875                
54.00545438876073 183.9375                          
90.45920935075972 185.9625244140625                 
106.49200995093666 251.0999755859375                
48.60488453335616 136.35003662109375                
62.10637021318883 180.9000244140625                 
72.90738784135549 178.20001220703125                
48.60488453335616 163.3499755859375                 
51.30516946105845 121.5                             
78.30783561411758 193.04998779296875                
56.70580035778426 171.112548828125   